2.03 1.92 2.13 2.00 1.99 1.93 2.07 1.90 2.03 1.98
1.96 1.99 2.05 2.08 1.94 1.97 2.07 1.94 1.90 1.99
1.99 1.82 1.96 2.02 1.89 2.01 1.99 2.02 1.97 1.99
2.04 1.94 2.09 1.96 2.08 1.89 2.05 1.95 1.97 2.01
2.18 2.04 1.93 2.08 1.86 2.02 2.11 1.87 2.07 2.00
1.99 1.96 1.94 2.10 1.87 1.98 2.06 2.09 2.02 2.02
1.92 2.07 2.01 1.99 2.08 2.01 1.98 1.99 2.04 2.03
2.02 1.93 1.99 1.98 2.01 1.90 2.04 2.01 1.96 1.99
2.03 1.96 1.93 2.07 2.04 1.95 2.05 1.95 2.00 1.97
2.04 1.91 2.02 2.10 1.93 2.02 1.85 2.18 1.97 2.05
1.94 2.01 2.04 2.05 1.87 2.06 2.05 1.99 1.98 2.04
1.98 2.03 1.97 2.01 2.04 2.08 1.98 1.98 1.96 2.05
2.06 1.90 2.02 2.11 1.94 1.97 1.98 1.97 2.11 2.01
2.00 1.99 1.92 1.93 2.00 2.09 2.04 1.93 2.02 1.98
1.92 2.06 1.93 2.08 1.99 1.96 1.99 2.07 1.98 2.00
1.96 2.05 1.93 2.00 1.89 2.10 2.02 1.91 1.97 1.99
1.96 2.03 1.96 2.04 2.09 1.80 2.17 2.03 1.93 1.97
2.06 1.91 2.07 1.95 1.94 1.90 2.12 1.97 2.07 2.05
1.89 2.03 2.02 2.03 1.85 2.01 1.89 2.01 1.99 2.03
1.81 2.15 1.93 2.07 2.05 1.97 1.94 2.10 1.93 1.99
1.93 2.09 2.02 1.98 2.05 1.91 2.11 1.88 2.14 1.98
2.12 1.84 2.03 2.04 1.91 2.03 2.00 1.99 2.04 2.03
2.02 2.02 1.83 2.04 2.01 1.99 1.97 2.09 1.84 2.01
1.93 2.01 2.03 2.01 1.93 2.01 1.98 1.99 1.96 2.01
1.95 2.06 2.00 1.93 1.96 2.09 1.94 2.01 2.02 1.99
1.94 1.99 2.01 1.98 1.90 2.07 2.06 1.97 1.96 1.99
1.96 1.90 1.94 2.10 1.94 2.03 1.96 2.11 1.79 1.85
2.03 1.96 2.05 1.97 2.00 2.08 1.97 1.92 1.98 1.91
1.98 1.94 1.98 1.98 2.08 1.90 2.04 1.98 2.15 2.05
2.14 1.79 2.17 1.86 2.03 2.03 2.07 1.98 1.96 1.99
1.89 1.97 2.13 2.01 2.04 1.86 1.98 2.13 1.99 2.01
2.13 1.93 2.07 2.03 1.88 2.06 1.99 1.98 1.96 1.98
1.89 1.93 2.00 2.06 1.82 2.05 2.04 2.02 1.95 1.99
1.83 1.98 2.23 1.96 1.83 2.07 2.06 2.06 1.91 2.01
1.94 1.99 2.14 1.73 2.16 2.02 1.96 2.06 1.88 1.98
1.89 2.07 2.04 1.89 1.96 2.02 2.06 1.97 1.90 2.00
1.97 2.03 1.95 2.04 1.87 1.97 2.15 1.91 2.02 1.99
2.00 2.06 1.99 1.93 2.03 1.92 2.04 2.03 2.13 2.05
2.05 1.98 2.06 1.89 2.05 1.99 2.03 1.99 2.09 2.06
2.16 1.79 2.10 2.01 1.98 1.90 2.11 1.99 1.97 1.99
2.09 1.99 1.82 2.14 1.95 2.02 1.97 2.08 1.99 1.98
1.91 2.02 2.05 2.02 1.88 2.07 2.06 1.95 2.05 2.01
1.94 1.95 2.12 1.88 2.00 2.04 2.01 1.94 2.12 2.10
1.97 2.03 1.93 1.99 2.06 1.94 2.08 1.92 2.03 2.02
2.10 2.12 1.89 1.93 2.02 1.93 2.04 2.03 2.05 2.01
2.01 1.90 1.97 2.08 1.96 1.93 2.13 1.89 2.05 2.04
1.91 1.94 1.92 2.18 1.96 1.94 2.05 1.99 2.05 2.11
1.97 2.03 1.91 2.00 2.04 2.05 1.90 2.08 2.15 1.99
2.11 1.96 1.95 1.95 2.13 2.01 1.97 1.95 2.04 1.98
1.87 2.06 2.01 2.04 1.88 2.01 2.03 1.96 2.06 2.01
1.91 1.94 2.08 2.02 2.07 1.89 2.00 2.04 2.06 2.02
2.11 1.89 1.92 2.11 2.02 2.05 2.02 2.00 1.94 1.99
1.94 1.97 2.01 1.94 2.08 1.93 2.08 2.04 1.95 2.02
2.14 1.89 2.01 2.03 2.03 1.98 1.99 1.99 2.07 2.05
1.91 2.09 2.04 2.08 1.86 2.03 2.06 1.96 1.94 2.01
1.98 2.06 2.00 2.01 1.92 2.08 1.99 2.00 1.92 1.99
2.04 1.89 2.07 1.97 1.93 2.05 1.99 1.97 2.02 2.01
2.03 1.92 2.05 1.94 2.08 1.92 2.00 2.07 1.86 1.98
2.03 1.89 1.96 1.99 1.98 2.19 1.87 2.03 2.03 2.05
2.14 1.93 2.03 1.88 1.96 1.97 2.11 2.03 1.99 2.06
2.29 1.80 1.90 1.95 1.98 2.00 2.01 2.08 1.91 2.07
1.99 2.10 1.90 2.10 1.95 1.87 1.97 2.10 1.99 1.98
1.95 1.94 2.05 2.05 2.07 1.93 2.08 1.98 2.02 1.99
1.98 2.01 1.97 2.07 1.93 1.99 1.99 2.08 1.98 2.00
2.03 2.06 1.95 1.84 2.07 2.13 1.94 1.95 1.88 1.87
2.13 2.00 1.94 1.96 2.00 2.00 2.09 1.97 1.99 1.91
2.13 1.79 1.93 2.04 1.89 2.10 1.99 2.01 1.92 1.99
2.08 1.86 2.00 2.02 1.93 2.05 1.91 2.14 1.78 1.99
2.04 2.00 1.86 2.16 1.90 2.06 2.01 2.00 1.80 2.03
1.17 1.90 1.97 2.09 2.04 1.96 1.96 1.94 2.09 1.96
1.65 1.95 1.95 1.94 2.07 2.14 1.82 2.05 2.03 2.18
1.67 1.88 1.82 2.30 2.08 1.97 2.08 1.83 1.95 2.32
1.53 1.85 2.04 2.05 2.02 1.91 2.03 2.14 1.94 2.04
1.53 2.15 1.88 2.11 1.92 2.06 2.14 1.80 2.09 1.96
2.05 1.95 1.91 2.01 2.06 1.99 2.32 2.06 1.69 1.47
2.01 1.92 2.16 1.87 2.01 2.05 2.00 1.91 1.99 1.59
1.93 2.09 2.01 2.08 1.73 2.21 1.88 2.07 2.09 1.65
2.09 2.18 1.76 1.90 2.13 2.12 1.99 2.04 2.03 1.59
1.93 2.05 2.03 1.91 2.01 1.96 1.96 2.22 1.99 1.46
2.10 1.92 2.04 1.97 2.05 1.99 1.95 2.00 2.01 1.66
1.88 2.02 2.04 1.98 1.93 1.91 1.99 1.95 2.15 1.53
2.06 2.01 2.17 1.80 2.11 2.00 1.93 2.25 1.89 1.73
1.88 2.08 1.97 2.10 1.97 2.08 1.94 2.03 1.88 1.98
1.31 2.18 2.07 2.02 1.87 2.13 1.97 1.96 1.99 1.67
1.97 2.12 1.95 1.98 2.02 1.86 2.04 2.11 1.95 1.60
2.01 2.03 1.98 2.06 1.94 2.03 2.01 1.93 2.00 2.05
1.97 1.95 2.12 1.94 2.08 2.16 1.87 2.01 1.97 1.79
2.03 1.97 2.02 1.86 2.14 2.02 1.72 1.88 2.07 1.95 
1.94 2.11 2.02 1.95 2.08 1.99 1.73 1.90 2.01 2.12 
2.02 2.03 1.95 1.99 1.93 2.02 1.66 2.05 2.00 1.98 
2.04 1.97 2.02 2.08 1.90 2.07 2.04 1.89 2.07 1.66
2.17 2.05 2.01 1.89 1.91 2.04 1.98 1.94 1.96 1.71
2.04 2.14 1.86 2.03 2.05 2.11 1.80 2.06 1.98 1.94
2.06 1.75 2.03 2.01 2.01 2.00 2.02 1.97 2.06 2.03
1.65 1.92 2.23 1.86 2.01 2.01 1.90 2.16 1.91 1.94
1.92 1.86 2.06 1.81 2.14 2.02 2.02 1.93 1.95 2.06 
2.18 2.03 2.00 2.13 1.97 1.92 2.16 1.87 2.02 2.09
1.60 2.07 2.05 1.95 1.96 1.94 2.02 2.02 2.02 1.91
1.79 2.02 2.00 2.03 1.99 1.98 2.04 1.99 1.98 2.17
1.67 1.95 2.05 2.01 2.89 2.17 1.89 2.08 2.10 1.90
1.52 2.06 2.00 1.92 2.10 1.86 2.15 1.95 1.93 1.97
1.85 2.11 1.98 2.04 2.06 1.97 1.86 2.10 1.93 2.00
1.92 2.06 1.97 1.99 1.99 1.94 2.05 2.03 2.05 1.95
1.66 1.86 2.16 2.00 2.07 1.95 1.99 1.92 2.03 1.94 
2.26 2.08 2.06 2.01 2.02 1.99 1.98 2.01 1.97 2.01
1.60 1.87 2.01 2.19 1.83 2.05 1.97 2.11 1.92 2.03
2.31 2.21 2.13 1.99 1.92 2.06 2.03 2.04 1.92 2.05
1.53 2.06 2.02 2.00 1.96 2.00 1.96 2.11 1.99 1.88
2.11 1.85 2.04 1.91 1.91 2.17 2.02 2.15 1.92 2.06
1.65 2.09 1.92 2.00 1.98 2.05 2.01 2.11 1.92 2.08
1.53 2.07 1.90 2.06 1.96 2.00 2.00 2.01 1.98 2.03
1.93 2.12 1.96 2.01 2.01 2.00 2.01 2.06 2.01 1.96
2.08 2.00 1.98 1.93 1.95 1.99 2.07 2.01 2.08 1.84
2.19 2.06 2.07 1.98 1.99 1.95 2.03 2.13 1.96 1.81
1.93 2.07 2.03 1.99 1.93 1.95 2.14 1.69 1.09 2.13 
2.12 2.15 1.99 1.96 2.06 2.10 2.04 1.85 1.99 1.95
1.94 2.08 2.10 1.90 1.98 2.05 1.83 2.14 1.88 2.13
2.11 2.15 2.02 2.13 1.95 2.02 2.05 1.95 1.89 2.03
1.79 2.00 2.09 1.89 2.15 1.94 2.07 2.02 1.99 1.86 
2.11 2.37 1.92 2.06 1.94 2.07 1.93 1.93 1.97 2.01 
2.09 2.03 2.05 2.01 2.04 2.03 2.12 1.75 2.12 2.04 
1.96 2.06 1.72 1.96 2.09 1.94 1.75 2.12 2.07 1.98 
1.98 1.97 1.95 1.96 1.98 1.81 2.19 2.00 1.97 1.96 
2.14 1.90 1.93 2.02 1.80 2.06 1.97 1.99 1.97 1.96
1.99 1.95 1.97 2.09 2.02 2.02 2.12 2.00 2.02 2.05
2.06 1.96 2.06 2.01 2.01 2.08 2.01 2.02 2.03 1.87
2.07 1.93 2.07 1.98 2.04 2.08 1.84 2.15 1.87 2.01
2.05 1.93 2.05 2.02 1.95 2.04 1.66 2.17 2.00 2.00
1.87 2.16 1.98 2.02 2.03 1.92 1.93 1.96 2.02 2.03
2.17 2.01 1.96 2.05 1.93 2.06 1.80 2.07 1.94 1.82
2.10 1.94 2.17 1.78 2.11 1.80 1.92 2.15 1.89 2.10
1.91 1.95 2.05 2.04 1.86 2.11 1.86 2.04 2.04 2.01
1.94 2.08 1.97 2.08 2.01 1.99 1.98 2.03 2.08 1.87 
2.02 1.86 2.18 1.93 1.89 2.04 1.66 2.00 1.94 2.13
2.01 1.99 2.00 2.02 2.10 1.96 1.66 1.99 2.03 1.94
